7460
7150
9475
26112
29881
7518
23111
1086
29304
14642
11930
9115
5094
10633
12620
13655
28630
30991
4297
29909
16651
4729
5773
760
24646
19717
28645
1579
17459
3922
30726
31455
16644
10750
11407
12737
21248
16124
14165
12484
221
6479
30195
11725
17895
29138
10931
29753
27514
10194
556
4293
27705
381
3926
3214
15367
637
24542
267
20292
9005
30327
11131
31031
32575
21411
18442
29854
14619
20816
13930
2555
3431
20940
29078
499
8248
1155
10366
10280
18698
21844
13226
10205
19994
505
21880
19921
11842
21950
25520
24153
18347
14941
21927
27193
31067
11648
15133
15672
14665
7529
29754
29696
11304
12687
164
24231
26864
32153
25280
3524
14585
25355
12733
11385
6461
11228
1481
26509
22360
13708
15019
21508
15505
16763
7959
23579
379
19021
25654
23421
20328
6901
5769
2982
29699
28962
1467
11481
3687
8406
31538
26610
19872
9867
6916
25881
5846
9675
1831
15411
11069
13545
7581
15003
29249
13844
6333
29332
1926
6696
28001
11504
31992
25418
7987
5537
11189
16791
31996
23061
18710
20731
15173
22614
12779
32591
4864
12698
26204
26148
1036
22875
6012
28282
28030
25313
11245
1702
16303
31469
19697
71
28184
25873
8500
14340
18395
16902
22244
836
2669
8542
5906
26198
20769
23565
15093
30465
14248
16665
26200
17136
27510
23798
27318
24579
26879
32255
14035
16028
16255
17541
10638
26195
20843
13390
3018
19399
28033
21451
21591
14330
10408
8492
21294
3854
9220
29084
7496
8914
766
12195
26898
13971
16128
27076
19188
21346
3456
26270
29117
25190
10941
23659
18024
3464
25934
27283
9981
19812
31135
28581
8728
13570
20439
16914
2993
12664
4625
16140
240
7894
7266
14428
7419
14492
6629
26562
12236
31
22720
12220
2368
9123
28350
23844
30685
3429
12458
26909
2968
19991
10492
6539
22760
24670
26457
19004
22349
276
10238
16310
15772
23994
29462
8536
21832
30357
12805
11471
23501
5536
32238
7624
581
25417
14810
10042
4301
1512
16386
3383
17712
7348
23803
25884
68
27291
32186
15493
6380
28256
29727
25828
25500
18432
25018
14461
29921
23111
1976
9558
17609
27892
12745
30415
5251
24868
5395
1465
8121
11588
231
26081
32609
1452
544
5021
28375
5846
10636
26154
15690
11078
27753
5394
28116
16930
19220
29269
26628
29099
14314
30548
22680
23116
24123
4743
21835
31011
16718
19555
24160
21802
5031
32250
19562
21626
28419
32467
16761
30092
14613
29955
12571
25413
2232
2052
14924
28452
26051
25499
619
14164
12451
17328
2477
29365
24497
25387
31923
19789
1596
18929
8390
20286
15727
30549
22633
11210
21634
9856
13527
6344
2215
24633
31006
3084
12218
1403
21307
8593
23139
1653
17927
8077
9202
2457
26088
6102
21534
29480
15088
4290
28974
6666
25932
29314
17410
7348
27944
19087
11069
14143
1049
14270
13071
11367
30992
4701
20859
26662
834
30597
23115
8253
8226
18305
27335
13143
24258
10857
5570
26790
29221
31671
7262
26086
23062
5381
20682
19580
21675
25411
11058
26860
17484
2862
12556
29926
2427
10510
25383
19841
19899
25361
10613
9016
19514
24627
31814
26063
20724
18194
15573
3588
10949
778
4182
10042
15964
15482
29019
359
18410
32298
29463
26178
26029
24487
15877
21010
10279
29062
18601
3785
27599
26632
12941
16700
17080
11313
26326
3939
30927
2036
32023
16797
18006
26184
3132
2572
19602
26529
22387
20505
8784
4484
20965
6123
12117
17999
537
3723
28231
29417
3928
